path0: 
0, 2, 3, 4, 6, 10, 12, 16, 18, 20, 22, 26, 28, 34, 45, 48, 70, 72, 75, 83, 85, 95, 97, 112, 116, 127, 129, 131, 133, 137, 139, 142, 144, 145, 147, 148, 150, 151, 153, 154, 156, 159, 162, 189, 191, 200, 201, 203, 207, 208, 210, 211, 213, 214, 215, 217, 222, 223, 225, 226, 228, 229, 231, 232, 233, 235, 240, 241, 243, 244, 245, 247, 251, 252, 254, 256, 255, 259, 260, 262, 263, 265, 266, 268, 269, 271, 272, 274, 275, 277, 278, 279, 281, 287, 289, 293, 294, 296, 297, 299, 300, 302, 303, 304, 306, 310, 312, 313, 315, 316, 317, 319, 323, 324, 326, 327, 329, 330, 332, 333, 334, 336, 341, 342, 344, 345, 347, 348, 350, 352, 354, 356, 353, 358, 359, 361, 362, 364, 365, 367, 369, 370, 372, 373, 375, 376, 378, 379, 381, 382, 383, 385, 386, 388, 392, 393, 395, 396, 398, 399, 400, 402, 406, 407, 409, 410, 412, 413, 414, 416, 424, 425, 427, 428, 430, 431, 433, 434, 436, 437, 439, 440, 442, 443, 445, 446, 448, 449, 451, 452
path1: 
0, 1, 3, 5, 7, 9, 6, 11, 13, 12, 15, 17, 23, 25, 22, 27, 29, 31, 33, 35, 37, 38, 40, 42, 44, 47, 50, 52, 53, 55, 56, 59, 61, 63, 64, 66, 48, 69, 71, 78, 79, 80, 82, 76, 75, 84, 86, 88, 92, 94, 85, 96, 98, 100, 103, 105, 109, 111, 115, 118, 120, 121, 124, 125, 127, 128, 130, 136, 158, 161, 163, 165, 166, 168, 169, 171, 172, 174, 175, 177, 178, 180, 181, 183, 184, 186, 187, 188, 192, 194, 198, 200, 202, 204, 203, 206, 208, 209, 211, 212, 214, 216, 218, 220, 217, 221, 223, 224, 226, 227, 229, 230, 232, 234, 236, 238, 235, 239, 241, 242, 244, 246, 248, 247, 250, 252, 253, 255, 258, 260, 261, 263, 264, 266, 267, 269, 270, 272, 273, 275, 276, 278, 280, 282, 284, 281, 288, 290, 289, 292, 294, 295, 297, 298, 300, 301, 303, 305, 307, 306, 309, 312, 313, 314, 316, 318, 320, 319, 322, 324, 325, 327, 328, 330, 331, 333, 335, 337, 339, 336, 340, 342, 343, 345, 346, 348, 349, 351, 353, 357, 359, 360, 362, 363, 365, 366, 368, 370, 371, 373, 374, 376, 377, 379, 380, 382, 384, 385, 387, 389, 388, 391, 393, 394, 396, 397, 399, 401, 403, 402, 405, 407, 408, 410, 411, 413, 415, 417, 419, 420, 422, 416, 423, 425, 426, 428, 429, 431, 432, 434, 435, 437, 438, 440, 441, 443, 444, 446, 447, 449, 450, 452
path2: 
0, 2, 3, 4, 6, 11, 14, 12, 16, 18, 21, 22, 26, 28, 34, 46, 49, 52, 54, 55, 57, 59, 62, 60, 63, 65, 67, 66, 48, 70, 73, 76, 75, 83, 85, 95, 97, 113, 117, 123, 116, 127, 129, 132, 135, 133, 138, 141, 139, 143, 144, 146, 147, 149, 150, 152, 153, 155, 156, 159, 162, 190, 188, 193, 195, 197, 194, 199, 191, 200, 201, 203, 207, 208, 210, 211, 213, 214, 215, 217, 222, 223, 225, 226, 228, 229, 231, 232, 233, 235, 240, 241, 243, 244, 245, 247, 251, 252, 254, 257, 255, 259, 260, 262, 263, 265, 266, 268, 269, 271, 272, 274, 275, 277, 278, 279, 281, 287, 289, 293, 294, 296, 297, 299, 300, 302, 303, 304, 306, 309, 311, 313, 315, 316, 317, 319, 323, 324, 326, 327, 329, 330, 332, 333, 334, 336, 341, 342, 344, 345, 347, 348, 349, 351, 353, 358, 359, 361, 362, 364, 365, 367, 369, 370, 372, 373, 375, 376, 378, 379, 381, 382, 383, 385, 386, 388, 392, 393, 395, 396, 398, 399, 400, 402, 406, 407, 409, 410, 412, 413, 414, 416, 424, 425, 427, 428, 430, 431, 433, 434, 436, 437, 439, 440, 442, 443, 445, 446, 448, 449, 451, 452
path3: 
0, 2, 3, 4, 6, 10, 12, 16, 18, 20, 22, 27, 29, 32, 33, 36, 37, 39, 40, 41, 34, 45, 48, 69, 71, 77, 79, 81, 82, 76, 75, 83, 85, 96, 99, 102, 100, 104, 106, 108, 105, 109, 97, 112, 116, 127, 128, 130, 136, 157, 161, 164, 165, 167, 168, 170, 171, 173, 174, 176, 177, 179, 180, 182, 183, 185, 186, 162, 189, 191, 200, 202, 205, 203, 206, 208, 209, 211, 212, 214, 215, 217, 221, 223, 224, 226, 227, 229, 230, 232, 233, 235, 239, 241, 242, 244, 246, 249, 247, 251, 252, 253, 255, 259, 260, 262, 263, 264, 266, 267, 269, 270, 272, 273, 275, 276, 278, 280, 283, 285, 284, 281, 288, 291, 289, 293, 294, 295, 297, 298, 300, 301, 303, 305, 308, 306, 310, 312, 313, 314, 316, 318, 321, 319, 322, 324, 325, 327, 328, 330, 331, 333, 334, 336, 340, 342, 344, 345, 346, 348, 350, 352, 355, 356, 353, 357, 359, 360, 362, 363, 365, 366, 368, 370, 371, 373, 375, 376, 377, 379, 381, 382, 384, 385, 387, 390, 388, 391, 393, 394, 396, 397, 399, 401, 404, 402, 406, 407, 408, 410, 411, 413, 414, 416, 424, 425, 426, 428, 429, 431, 432, 434, 435, 437, 438, 440, 441, 443, 444, 446, 447, 449, 450, 452
path4: 
0, 1, 3, 5, 8, 9, 6, 10, 12, 15, 17, 24, 25, 22, 27, 30, 28, 34, 45, 48, 70, 72, 75, 84, 87, 89, 91, 88, 93, 94, 85, 95, 97, 112, 116, 127, 129, 131, 133, 138, 140, 139, 142, 144, 145, 147, 148, 150, 151, 153, 154, 156, 159, 162, 189, 191, 200, 201, 203, 207, 208, 210, 211, 213, 214, 216, 219, 220, 217, 222, 223, 225, 226, 228, 229, 231, 232, 234, 237, 238, 235, 240, 241, 243, 244, 245, 247, 250, 252, 254, 256, 255, 259, 260, 261, 263, 265, 266, 268, 269, 271, 272, 274, 275, 277, 278, 279, 281, 287, 289, 292, 294, 296, 297, 299, 300, 302, 303, 304, 306, 310, 312, 313, 315, 316, 317, 319, 323, 324, 326, 327, 329, 330, 332, 333, 335, 338, 339, 336, 341, 342, 343, 345, 347, 348, 349, 351, 353, 358, 359, 361, 362, 364, 365, 367, 369, 370, 372, 373, 374, 376, 378, 379, 380, 382, 383, 385, 386, 388, 392, 393, 395, 396, 398, 399, 400, 402, 405, 407, 409, 410, 412, 413, 415, 418, 419, 421, 422, 416, 423, 425, 427, 428, 430, 431, 433, 434, 436, 437, 439, 440, 442, 443, 445, 446, 448, 449, 451, 452
path5: 
0, 2, 3, 4, 6, 11, 13, 12, 16, 18, 20, 22, 26, 28, 34, 45, 48, 70, 72, 75, 83, 85, 96, 99, 101, 100, 103, 105, 110, 111, 114, 118, 120, 122, 124, 125, 127, 129, 132, 135, 133, 137, 139, 142, 144, 146, 147, 149, 150, 152, 153, 154, 156, 159, 162, 190, 188, 193, 196, 197, 194, 198, 200, 202, 204, 203, 207, 208, 210, 211, 213, 214, 215, 217, 222, 223, 225, 226, 228, 229, 231, 232, 233, 235, 240, 241, 243, 244, 246, 248, 247, 251, 252, 254, 256, 255, 259, 260, 262, 263, 265, 266, 268, 269, 271, 272, 274, 275, 277, 278, 280, 283, 286, 284, 281, 287, 289, 293, 294, 296, 297, 299, 300, 302, 303, 304, 306, 309, 312, 313, 315, 316, 318, 320, 319, 323, 324, 326, 327, 329, 330, 332, 333, 334, 336, 341, 342, 344, 345, 347, 348, 350, 352, 354, 356, 353, 358, 359, 361, 362, 364, 365, 367, 369, 370, 372, 373, 375, 376, 378, 379, 381, 382, 384, 385, 387, 389, 388, 392, 393, 395, 396, 398, 399, 401, 403, 402, 406, 407, 409, 410, 412, 413, 414, 416, 424, 425, 427, 428, 430, 431, 432, 434, 436, 437, 438, 440, 442, 443, 445, 446, 447, 449, 450, 452
path0: 
0, 2, 3, 4, 6, 10, 12, 16, 18, 20, 22, 26, 28, 34, 45, 48, 70, 72, 75, 83, 85, 95, 97, 112, 116, 127, 129, 131, 133, 137, 139, 142, 144, 145, 147, 148, 150, 151, 153, 154, 156, 159, 162, 189, 191, 200, 201, 203, 207, 208, 210, 211, 213, 214, 215, 217, 222, 223, 225, 226, 228, 229, 231, 232, 233, 235, 240, 241, 243, 244, 245, 247, 251, 252, 254, 256, 255, 259, 260, 262, 263, 265, 266, 268, 269, 271, 272, 274, 275, 277, 278, 279, 281, 287, 289, 293, 294, 296, 297, 299, 300, 302, 303, 304, 306, 310, 312, 313, 315, 316, 317, 319, 323, 324, 326, 327, 329, 330, 332, 333, 334, 336, 341, 342, 344, 345, 347, 348, 350, 352, 354, 356, 353, 358, 359, 361, 362, 364, 365, 367, 369, 370, 372, 373, 375, 376, 378, 379, 381, 382, 383, 385, 386, 388, 392, 393, 395, 396, 398, 399, 400, 402, 406, 407, 409, 410, 412, 413, 414, 416, 424, 425, 427, 428, 430, 431, 433, 434, 436, 437, 439, 440, 442, 443, 445, 446, 448, 449, 451, 452
path1: 
0, 1, 3, 5, 7, 9, 6, 11, 13, 12, 15, 17, 23, 25, 22, 27, 29, 31, 33, 35, 37, 38, 40, 42, 44, 47, 50, 52, 53, 55, 56, 59, 61, 63, 64, 66, 48, 69, 71, 78, 79, 80, 82, 76, 75, 84, 86, 88, 92, 94, 85, 96, 98, 100, 103, 105, 109, 111, 115, 118, 120, 121, 124, 125, 127, 128, 130, 136, 158, 161, 163, 165, 166, 168, 169, 171, 172, 174, 175, 177, 178, 180, 181, 183, 184, 186, 187, 188, 192, 194, 198, 200, 202, 204, 203, 206, 208, 209, 211, 212, 214, 216, 218, 220, 217, 221, 223, 224, 226, 227, 229, 230, 232, 234, 236, 238, 235, 239, 241, 242, 244, 246, 248, 247, 250, 252, 253, 255, 258, 260, 261, 263, 264, 266, 267, 269, 270, 272, 273, 275, 276, 278, 280, 282, 284, 281, 288, 290, 289, 292, 294, 295, 297, 298, 300, 301, 303, 305, 307, 306, 309, 312, 313, 314, 316, 318, 320, 319, 322, 324, 325, 327, 328, 330, 331, 333, 335, 337, 339, 336, 340, 342, 343, 345, 346, 348, 349, 351, 353, 357, 359, 360, 362, 363, 365, 366, 368, 370, 371, 373, 374, 376, 377, 379, 380, 382, 384, 385, 387, 389, 388, 391, 393, 394, 396, 397, 399, 401, 403, 402, 405, 407, 408, 410, 411, 413, 415, 417, 419, 420, 422, 416, 423, 425, 426, 428, 429, 431, 432, 434, 435, 437, 438, 440, 441, 443, 444, 446, 447, 449, 450, 452
path2: 
0, 2, 3, 4, 6, 11, 14, 12, 16, 18, 21, 22, 26, 28, 34, 46, 49, 52, 54, 55, 57, 59, 62, 60, 63, 65, 67, 66, 48, 70, 73, 76, 75, 83, 85, 95, 97, 113, 117, 123, 116, 127, 129, 132, 135, 133, 138, 141, 139, 143, 144, 146, 147, 149, 150, 152, 153, 155, 156, 159, 162, 190, 188, 193, 195, 197, 194, 199, 191, 200, 201, 203, 207, 208, 210, 211, 213, 214, 215, 217, 222, 223, 225, 226, 228, 229, 231, 232, 233, 235, 240, 241, 243, 244, 245, 247, 251, 252, 254, 257, 255, 259, 260, 262, 263, 265, 266, 268, 269, 271, 272, 274, 275, 277, 278, 279, 281, 287, 289, 293, 294, 296, 297, 299, 300, 302, 303, 304, 306, 309, 311, 313, 315, 316, 317, 319, 323, 324, 326, 327, 329, 330, 332, 333, 334, 336, 341, 342, 344, 345, 347, 348, 349, 351, 353, 358, 359, 361, 362, 364, 365, 367, 369, 370, 372, 373, 375, 376, 378, 379, 381, 382, 383, 385, 386, 388, 392, 393, 395, 396, 398, 399, 400, 402, 406, 407, 409, 410, 412, 413, 414, 416, 424, 425, 427, 428, 430, 431, 433, 434, 436, 437, 439, 440, 442, 443, 445, 446, 448, 449, 451, 452
path3: 
0, 2, 3, 4, 6, 10, 12, 16, 18, 20, 22, 27, 29, 32, 33, 36, 37, 39, 40, 41, 34, 45, 48, 69, 71, 77, 79, 81, 82, 76, 75, 83, 85, 96, 99, 102, 100, 104, 106, 108, 105, 109, 97, 112, 116, 127, 128, 130, 136, 157, 161, 164, 165, 167, 168, 170, 171, 173, 174, 176, 177, 179, 180, 182, 183, 185, 186, 162, 189, 191, 200, 202, 205, 203, 206, 208, 209, 211, 212, 214, 215, 217, 221, 223, 224, 226, 227, 229, 230, 232, 233, 235, 239, 241, 242, 244, 246, 249, 247, 251, 252, 253, 255, 259, 260, 262, 263, 264, 266, 267, 269, 270, 272, 273, 275, 276, 278, 280, 283, 285, 284, 281, 288, 291, 289, 293, 294, 295, 297, 298, 300, 301, 303, 305, 308, 306, 310, 312, 313, 314, 316, 318, 321, 319, 322, 324, 325, 327, 328, 330, 331, 333, 334, 336, 340, 342, 344, 345, 346, 348, 350, 352, 355, 356, 353, 357, 359, 360, 362, 363, 365, 366, 368, 370, 371, 373, 375, 376, 377, 379, 381, 382, 384, 385, 387, 390, 388, 391, 393, 394, 396, 397, 399, 401, 404, 402, 406, 407, 408, 410, 411, 413, 414, 416, 424, 425, 426, 428, 429, 431, 432, 434, 435, 437, 438, 440, 441, 443, 444, 446, 447, 449, 450, 452
path4: 
0, 1, 3, 5, 8, 9, 6, 10, 12, 15, 17, 24, 25, 22, 27, 30, 28, 34, 45, 48, 70, 72, 75, 84, 87, 89, 91, 88, 93, 94, 85, 95, 97, 112, 116, 127, 129, 131, 133, 138, 140, 139, 142, 144, 145, 147, 148, 150, 151, 153, 154, 156, 159, 162, 189, 191, 200, 201, 203, 207, 208, 210, 211, 213, 214, 216, 219, 220, 217, 222, 223, 225, 226, 228, 229, 231, 232, 234, 237, 238, 235, 240, 241, 243, 244, 245, 247, 250, 252, 254, 256, 255, 259, 260, 261, 263, 265, 266, 268, 269, 271, 272, 274, 275, 277, 278, 279, 281, 287, 289, 292, 294, 296, 297, 299, 300, 302, 303, 304, 306, 310, 312, 313, 315, 316, 317, 319, 323, 324, 326, 327, 329, 330, 332, 333, 335, 338, 339, 336, 341, 342, 343, 345, 347, 348, 349, 351, 353, 358, 359, 361, 362, 364, 365, 367, 369, 370, 372, 373, 374, 376, 378, 379, 380, 382, 383, 385, 386, 388, 392, 393, 395, 396, 398, 399, 400, 402, 405, 407, 409, 410, 412, 413, 415, 418, 419, 421, 422, 416, 423, 425, 427, 428, 430, 431, 433, 434, 436, 437, 439, 440, 442, 443, 445, 446, 448, 449, 451, 452
path5: 
0, 2, 3, 4, 6, 11, 13, 12, 16, 18, 20, 22, 26, 28, 34, 45, 48, 70, 72, 75, 83, 85, 96, 99, 101, 100, 103, 105, 110, 111, 114, 118, 120, 122, 124, 125, 127, 129, 132, 135, 133, 137, 139, 142, 144, 146, 147, 149, 150, 152, 153, 154, 156, 159, 162, 190, 188, 193, 196, 197, 194, 198, 200, 202, 204, 203, 207, 208, 210, 211, 213, 214, 215, 217, 222, 223, 225, 226, 228, 229, 231, 232, 233, 235, 240, 241, 243, 244, 246, 248, 247, 251, 252, 254, 256, 255, 259, 260, 262, 263, 265, 266, 268, 269, 271, 272, 274, 275, 277, 278, 280, 283, 286, 284, 281, 287, 289, 293, 294, 296, 297, 299, 300, 302, 303, 304, 306, 309, 312, 313, 315, 316, 318, 320, 319, 323, 324, 326, 327, 329, 330, 332, 333, 334, 336, 341, 342, 344, 345, 347, 348, 350, 352, 354, 356, 353, 358, 359, 361, 362, 364, 365, 367, 369, 370, 372, 373, 375, 376, 378, 379, 381, 382, 384, 385, 387, 389, 388, 392, 393, 395, 396, 398, 399, 401, 403, 402, 406, 407, 409, 410, 412, 413, 414, 416, 424, 425, 427, 428, 430, 431, 432, 434, 436, 437, 438, 440, 442, 443, 445, 446, 447, 449, 450, 452
